1 0 18825 18727 18614
1 1 15373 15361 15661
1 2 10538 10513 10546
1 3 6527 8643 8676
1 4 8213 5916 6059
1 8 5017 4977 4950
2 0 24681 25133 25218
2 1 21745 20981 21651
2 2 15532 15662 15353
2 3 13961 13637 13582
2 4 12395 12732 13013
2 8 11156 11125 11174
3 0 42266 42012 42350
3 1 37240 37322 37377
3 2 29407 28917 29186
3 3 27090 26548 26815
3 4 25854 25594 25420
3 8 23842 23117 23440
4 0 45022 45280 44590
4 1 40669 40137 40623
4 2 31707 31771 31508
4 3 28960 42468 28920
4 4 27294 27757 28222
4 8 38115 37969 25255
5 0 66266 63770 65102
5 1 59412 59185 59353
5 2 48397 48804 48080
5 3 45262 44921 45201
5 4 43786 43883 44960
5 8 40914 41050 40916
n 1 23 "N = 23"
n 2 24 "N = 24"
n 3 25 "N = 25"
n 4 26 "N = 26"
n 5 27 "N = 27"
        