1 0 18825 18727 18614
1 1 16219 16084 16168
1 2 11318 11203 11375
1 3 9311 9445 9840
1 4 7257 7056 8754
1 8 5474 5466 5556
2 0 24681 25133 25218
2 1 23298 23243 23182
2 2 16841 16848 16548
2 3 14391 14868 14485
2 4 13737 14076 14012
2 8 11733 11917 11895
3 0 42266 42012 42350
3 1 39385 39558 39663
3 2 31083 30943 30646
3 3 28748 28848 28658
3 4 28458 27184 28029
3 8 25038 24868 25437
4 0 45022 45280 44590
4 1 42973 43002 43177
4 2 33987 33779 34146
4 3 29981 30341 32674
4 4 41876 43907 28708
4 8 27128 39639 26837
5 0 66266 63770 65102
5 1 62659 62024 61744
5 2 50849 50321 50555
5 3 47175 49401 46927
5 4 44549 44475 44559
5 8 42922 42286 42820
n 1 23 "N = 23"
n 2 24 "N = 24"
n 3 25 "N = 25"
n 4 26 "N = 26"
n 5 27 "N = 27"
T 6000
T 10000
T 15000
T 30000
T 60000
T 100000
        