1 0 17816 17720 17596
1 1 23374 23216 23260
1 2 23927 23211 21772
1 3 21226 21691 21291
1 4 26036 25731 25090
1 8 35567 34754 32665
2 0 25022 25000 24993
2 1 33815 33904 33546
2 2 34848 33034 33358
2 3 32580 33501 31538
2 4 37226 38657 36322
2 8 45730 47113 48571
3 0 41380 42458 41424
3 1 53147 52623 53175
3 2 53111 54006 54160
3 3 55536 56779 52833
3 4 60990 59788 59810
3 8 69844 73274 71586
4 0 44805 44402 44640
4 1 64244 63645 63393
4 2 65035 64801 66445
4 3 67201 66292 62746
4 4 74559 74331 73488
4 8 84822 86877 89494
5 0 64317 64598 64313
5 1 354876 353746 352457
5 2 389572 402657 398512
5 3 439802 445768 437857
5 4 507259 517233 572277
5 8 803864 932396 761081
n 1 23 "N = 23"
n 2 24 "N = 24"
n 3 25 "N = 25"
n 4 26 "N = 26"
n 5 27 "N = 27"
T 6000
T 10000
T 15000
T 30000
T 60000
T 100000
        