1 0 18825 18727 18614
1 1 23597 23873 23890
1 2 22736 23533 24945
1 3 22806 21912 22305
1 4 23860 23572 25044
1 8 31634 31674 34290
2 0 24681 25133 25218
2 1 34192 34045 33923
2 2 36269 35373 36784
2 3 32127 31822 33212
2 4 38425 39322 35976
2 8 45129 55021 49566
3 0 42266 42012 42350
3 1 54290 54763 54266
3 2 56415 57112 56089
3 3 56791 51565 52944
3 4 60728 57767 59309
3 8 75172 73718 77333
4 0 45022 45280 44590
4 1 65373 64907 64945
4 2 70016 65834 66752
4 3 66471 68170 70894
4 4 69431 70087 74705
4 8 83881 88972 92338
5 0 66266 63770 65102
5 1 415318 417816 416632
5 2 468317 466212 464150
5 3 512609 509706 514879
5 4   611585
5 8 971383 982087 864402
n 1 23 "N = 23"
n 2 24 "N = 24"
n 3 25 "N = 25"
n 4 26 "N = 26"
n 5 27 "N = 27"
T 6000
T 10000
T 15000
T 30000
T 60000
T 100000
        