1 0 17816 17720 17596
1 1 15340 15101 15239
1 2 10233 10049 10213
1 3 8743 8515 8903
1 4 8057 8200 7882
1 8 4721 4966 4676
2 0 25022 25000 24993
2 1 21548 21577 21602
2 2 15591 15391 15769
2 3 13458 13888 13407
2 4 12726 12844 13079
2 8 10992 11011 11095
3 0 41380 42458 41424
3 1 37206 36986 37055
3 2 29451 29310 29207
3 3 27317 26796 26473
3 4 25155 25581 26213
3 8 24250 23423 23564
4 0 44805 44402 44640
4 1 40133 40109 40295
4 2 31638 31310 31102
4 3 29155 29172 28697
4 4 28476 27707 27602
4 8 38512 25427 38507
5 0 64317 64598 64313
5 1 59386 58829 59460
5 2 47706 47746 48007
5 3 45387 46099 45293
5 4 42925 43361 43338
5 8 41265 41164 40990
n 1 23 "N = 23"
n 2 24 "N = 24"
n 3 25 "N = 25"
n 4 26 "N = 26"
n 5 27 "N = 27"
T 6000
T 10000
T 15000
T 30000
T 60000
T 100000
        