1 0 17816 17720 17596
1 1 16329 16477 16473
1 2 11313 11064 11595
1 3 9259 9806 9420
1 4 6945 7001 8704
1 8 5637 5406 5465
2 0 25022 25000 24993
2 1 23328 23108 23121
2 2 16618 16310 16602
2 3 14220 15228 14934
2 4 13410 14029 13919
2 8 11560 11529 11668
3 0 41380 42458 41424
3 1 39284 39468 39283
3 2 30804 30908 30929
3 3 28615 28472 28734
3 4 28393 28449 27291
3 8 25138 25088 25201
4 0 44805 44402 44640
4 1 43248 43489 42971
4 2 33961 33789 33767
4 3 32341 30509 32201
4 4 29842 30132 43288
4 8 39748 38945 40150
5 0 64317 64598 64313
5 1 62439 62279 61934
5 2 49860 49867 49331
5 3 49805 47556 47016
5 4 45366 44546 44407
5 8 43194 42570 42708
n 1 23 "N = 23"
n 2 24 "N = 24"
n 3 25 "N = 25"
n 4 26 "N = 26"
n 5 27 "N = 27"
T 6000
T 10000
T 15000
T 30000
T 60000
T 100000
        