1 0 22012 22036 20409
1 1 15417 15797 15745
1 2 7567 7383 7670
1 3 4913 4935 4962
1 4 3722 3758 3760
1 8 2086 2092 2076
2 0 24979 23986 24325
2 1 18293 18544 18720
2 2 9883 10171 9938
2 3 7262 7043 7194
2 4 6001 6006 5980
2 8 4025 3955 3887
3 0 29890 29910 29890
3 1 22645 22670 22405
3 2 13500 13559 13548
3 3 10686 10811 11074
3 4 9632 9676 9572
3 8 7717 7838 7716
4 0 35030 36635 34727
4 1 30761 29021 28528
4 2 18974 18768 18510
4 3 15922 15601 16232
4 4 14515 14384 14658
4 8 12094 11610 12151
5 0 69549 69492 67998
5 1 61246 61072 61070
5 2 48262 48248 48969
5 3 45137 45711 44535
5 4 42878 42617 42784
5 8 40299 39781 40362
n 1 524288 "N = 512K"
n 2 1048576 "N = 1024K"
n 3 2097152 "N = 2048K"
n 4 4194304 "N = 4096K"
n 5 8388608 "N = 8192K"