1 0 22012 22036 20409
1 1 27947 27245 27681
1 2 27716 29337 25673
1 3 22761 23558 23214
1 4 26067 27863 27500
1 8 44185 38264 44736
2 0 24979 23986 24325
2 1 30566 31062 31002
2 2 27921 30363 31089
2 3 25048 26244 24347
2 4 29292 27276 28098
2 8 41351 47086 40156
3 0 29890 29910 29890
3 1 36934 35697 35395
3 2 31511 33401 35228
3 3 30175 31847 31559
3 4 36091 36606 35179
3 8 55715 55774 50720
4 0 35030 36635 34727
4 1 46796 47302 47187
4 2 48984 48824 47744
4 3 45167 42179 48235
4 4 47870 46389 52773
4 8 70810 66888 63198
5 0 69549 69492 67998
5 1 386315 382428 380129
5 2 453059 427584 417345
5 3 477144 480508 486263
5 4 583429 547297 585516
5 8 960986 982306 950297
n 1 524288 "N = 512K"
n 2 1048576 "N = 1024K"
n 3 2097152 "N = 2048K"
n 4 4194304 "N = 4096K"
n 5 8388608 "N = 8192K"
