1 0 6329 6329 6329
1 1 7047 6974 7360
1 2 6391 6281 6371
1 3 5375 5583 5629
1 4 6208 5479 5738
1 8 8984 9528 10076
2 0 12552 11292 11283
2 1 13495 13613 13664
2 2 11969 11752 11875
2 3 10191 10114 10371
2 4 11117 11089 12805
2 8 17722 17281 20745
3 0 26713 26674 26682
3 1 27193 27132 26733
3 2 25378 25187 21479
3 3 20381 20818 21628
3 4 21541 23280 23057
3 8 37486 34100 42013
4 0 43213 47473 47480
4 1 50811 50861 50782
4 2 46189 50786 44905
4 3 36204 39271 41258
4 4 38916 45078 46404
4 8 87210 61671 70897
5 0 85284 85084 79313
5 1 98351 97234 97743
5 2 104149 100179 100318
5 3 85025 81552 91004
5 4 96088 83831 95850
5 8 154381 146151 180929
n 1 8388608 "N = 23"
n 2 16777216 "N = 24"
n 3 33554432 "N = 25"
n 4 67108864 "N = 26"
n 5 134217728 "N = 27"
T 10000
T 25000
T 40000
T 55000
T 70000
T 85000
