K	T	N

seq	6329	2000000
seq	11283	4000000
seq	26674	6000000
seq	43213	8000000
seq	79313	10000000

1	4639	2000000
1	8978	4000000
1	19779	6000000
1	34954	8000000
1	62968	10000000

2	2488	2000000
2	4844	4000000
2	10494	6000000
2	19016	8000000
2	31976	10000000

3	1755	2000000
3	3216	4000000
3	6847	6000000
3	11360	8000000
3	21233	10000000

4	1374	2000000
4	2447	4000000
4	5499	6000000
4	10128	8000000
4	16032	10000000

8	820	2000000
8	1341	4000000
8	3045	6000000
8	5661	8000000
8	9019	10000000

T	K	N	Sizeup	SzEff

6000	0	1867178		
6000	1	2627333	1.407	1.407
6000	2	4409204	2.361	1.181
6000	3	5533462	2.964	0.988
6000	4	6216461	3.329	0.832
6000	8	8201906	4.393	0.549

10000	0	3482035		
10000	1	4189242	1.203	1.203
10000	2	5825133	1.673	0.836
10000	3	7397297	2.124	0.708
10000	4	7944696	2.282	0.570
10000	8	10584276	3.040	0.380

15000	0	4483010		
15000	1	5115082	1.141	1.141
15000	2	7057498	1.574	0.787
15000	3	8737365	1.949	0.650
15000	4	9650407	2.153	0.538
15000	8	13562239	3.025	0.378

30000	0	6402201		
30000	1	7347084	1.148	1.148
30000	2	9695062	1.514	0.757
30000	3	11775955	1.839	0.613
30000	4	14731707	2.301	0.575
30000	8	22496129	3.514	0.439

60000	0	8930028		
60000	1	9788106	1.096	1.096
60000	2	14324691	1.604	0.802
60000	3	17853135	1.999	0.666
60000	4	24894309	2.788	0.697
60000	8	40363907	4.520	0.565

100000	0	11146094		
100000	1	12643821	1.134	1.134
100000	2	20497531	1.839	0.919
100000	3	25956042	2.329	0.776
100000	4	38444444	3.449	0.862
100000	8	64187612	5.759	0.720
