1 0 5789 5645 5685
1 1 4867 4930 4931
1 2 2535 2522 2528
1 3 1848 1757 1753
1 4 1374 1383 1448
1 8 838 823 840
2 0 11032 11019 11061
2 1 9019 9627 8283
2 2 4720 4511 4525
2 3 3461 3205 3236
2 4 2413 2459 2414
2 8 1349 1321 1355
3 0 24307 24097 24337
3 1 21187 20675 21030
3 2 12405 11285 10511
3 3 6886 6872 7389
3 4 5512 5506 5986
3 8 2974 3097 3025
4 0 42589 43544 42555
4 1 35278 34987 36594
4 2 18708 18641 18813
4 3 12845 13802 12721
4 4 10115 10114 10116
4 8 5644 5677 5817
5 0 78108 77929 76206
5 1 67151 64413 62987
5 2 31847 31950 30853
5 3 21458 21621 21640
5 4 17569 16279 16285
5 8 8709 8982 8954
n 1 2000000 "N = 2M"
n 2 4000000 "N = 4M"
n 3 6000000 "N = 6M"
n 4 8000000 "N = 8M"
n 5 10000000 "N = 10M"
T 6000
T 10000
T 15000
T 30000
T 60000
T 100000
