1 0 6329 6329 6329
1 1 4366 4349 4460
1 2 2118 2140 2173
1 3 1398 1432 1405
1 4 1096 1103 1100
1 8 687 660 674
2 0 12552 11292 11283
2 1 8387 8412 8480
2 2 4007 3959 3938
2 3 2595 2587 2600
2 4 1961 2038 1975
2 8 1181 1120 1120
3 0 26713 26674 26682
3 1 18174 18264 18888
3 2 8524 8598 8504
3 3 5529 5506 5634
3 4 4167 4143 4178
3 8 2146 2150 2098
4 0 43213 47473 47480
4 1 32531 32384 32573
4 2 15401 15388 15395
4 3 10552 10417 10398
4 4 7456 7469 7457
4 8 3875 4206 3923
5 0 85284 85084 79313
5 1 59547 57784 57144
5 2 27178 27366 27205
5 3 17146 17285 17217
5 4 12831 12831 13031
5 8 6417 6467 6228
n 1 8388608 "N = 23"
n 2 16777216 "N = 24"
n 3 33554432 "N = 25"
n 4 67108864 "N = 26"
n 5 134217728 "N = 27"
