1 0 19720 19948 19737
1 1 26811 27410 27185
1 2 24510 23786 23433
1 3 22175 22708 21218
1 4 26051 27007 27386
1 8 38137 41188 40810
2 0 23340 23367 23358
2 1 28400 29159 29075
2 2 24624 24939 25403
2 3 23281 22813 25273
2 4 28131 29449 28610
2 8 44361 44323 48495
3 0 28543 27552 27449
3 1 34725 34791 34721
3 2 34175 31081 31375
3 3 30377 29837 28752
3 4 33982 33812 32599
3 8 51276 67324 51726
4 0 34920 34501 34525
4 1 46081 45623 46038
4 2 46909 43018 44545
4 3 47260 41152 41735
4 4 47518 50844 53036
4 8 70876 65244 70407
5 0 67467 67132 67568
5 1 311042 310079 311482
5 2 363747 361995 361244
5 3 441280 441282 418479
5 4 525520 537170 555424
5 8 955769 959793 931440
n 1 524288 "N = 512K"
n 2 1048576 "N = 1024K"
n 3 2097152 "N = 2048K"
n 4 4194304 "N = 4096K"
n 5 8388608 "N = 8192K"
T 15000
T 25000
T 35000
T 45000
T 55000