1 0 19720 19948 19737
1 1 15205 14732 14706
1 2 6974 6961 6966
1 3 4681 4721 4736
1 4 3743 3605 3702
1 8 2064 1992 1947
2 0 23340 23367 23358
2 1 17677 18003 18661
2 2 9370 9202 9434
2 3 6895 6962 6966
2 4 5839 5695 5820
2 8 4010 3993 3850
3 0 28543 27552 27449
3 1 21942 22173 22373
3 2 13324 13266 13240
3 3 10853 10620 10974
3 4 9449 9587 9344
3 8 7600 7794 7643
4 0 34920 34501 34525
4 1 28332 28482 28504
4 2 18216 18514 18428
4 3 15693 16078 15837
4 4 14546 14254 14451
4 8 11979 11969 11850
5 0 67467 67132 67568
5 1 60880 60751 60763
5 2 48601 47867 48127
5 3 44365 44354 44082
5 4 42864 42085 43536
5 8 39858 39800 39873
n 1 524288 "N = 512K"
n 2 1048576 "N = 1024K"
n 3 2097152 "N = 2048K"
n 4 4194304 "N = 4096K"
n 5 8388608 "N = 8192K"
