1 0 19720 19948 19737
1 1 16784 16732 16766
1 2 8504 8719 8917
1 3 6167 6490 6417
1 4 4898 4921 4953
1 8 2968 2989 3233
2 0 23340 23367 23358
2 1 22923 19859 19526
2 2 11025 11157 11665
2 3 8325 8657 8562
2 4 7416 7379 7132
2 8 4862 4627 4551
3 0 28543 27552 27449
3 1 24093 24249 24223
3 2 15227 14726 15695
3 3 13130 12733 12432
3 4 10918 11334 11087
3 8 8724 8574 8658
4 0 34920 34501 34525
4 1 31407 32087 31502
4 2 21605 21584 21622
4 3 17757 17794 17937
4 4 16410 16553 16542
4 8 13338 12659 13650
5 0 67467 67132 67568
5 1 65367 63726 63681
5 2 51500 51532 50996
5 3 46274 47540 46324
5 4 45745 45624 44029
5 8 41554 40782 40880
n 1 524288 "N = 512K"
n 2 1048576 "N = 1024K"
n 3 2097152 "N = 2048K"
n 4 4194304 "N = 4096K"
n 5 8388608 "N = 8192K"
