1 0 22012 22036 20409
1 1 16457 16393 16345
1 2 8935 8541 8507
1 3 6054 6790 6027
1 4 5092 4982 4942
1 8 3002 2979 3109
2 0 24979 23986 24325
2 1 19714 19747 19716
2 2 11100 11004 11105
2 3 8367 8423 8336
2 4 7096 7226 7097
2 8 4602 4587 4458
3 0 29890 29910 29890
3 1 24017 24001 23863
3 2 15412 15960 15312
3 3 12844 12556 12353
3 4 11350 10968 11027
3 8 8590 8549 8687
4 0 35030 36635 34727
4 1 31344 31499 31405
4 2 21971 21892 21977
4 3 18808 18852 18544
4 4 16408 16499 15760
4 8 12858 12786 12875
5 0 69549 69492 67998
5 1 63510 63895 63747
5 2 51059 51556 50749
5 3 48023 47043 46750
5 4 44368 45603 43875
5 8 40588 41603 41113
n 1 524288 "N = 512K"
n 2 1048576 "N = 1024K"
n 3 2097152 "N = 2048K"
n 4 4194304 "N = 4096K"
n 5 8388608 "N = 8192K"
        