1 0 6329 6329 6329
1 1 4661 4639 5412
1 2 2535 2550 2488
1 3 1776 1758 1755
1 4 1397 1397 1374
1 8 820 836 825
2 0 12552 11292 11283
2 1 9021 8978 9001
2 2 4855 4844 4864
2 3 3239 3232 3216
2 4 2448 2447 2462
2 8 1341 1384 1352
3 0 26713 26674 26682
3 1 19839 19786 19779
3 2 10494 10539 10510
3 3 6886 6868 6847
3 4 5520 5515 5499
3 8 3045 3371 3456
4 0 43213 47473 47480
4 1 34954 35242 35239
4 2 19016 19895 19059
4 3 13267 12945 11360
4 4 10165 10128 10177
4 8 5688 5661 5685
5 0 85284 85084 79313
5 1 63726 63709 62968
5 2 31976 32088 32039
5 3 21233 21687 21571
5 4 16339 16209 16032
5 8 9162 9019 9022
n 1 23 "N = 23"
n 2 24 "N = 24"
n 3 25 "N = 25"
n 4 26 "N = 26"
n 5 27 "N = 27"
