1 0 5789 5645 5685
1 1 6380 6366 6372
1 2 5426 5495 5620
1 3 5216 5111 4800
1 4 5922 6103 6237
1 8 10435 10342 10622
2 0 11032 11019 11061
2 1 12897 12907 12791
2 2 10093 10287 10128
2 3 9135 9812 9629
2 4 11993 10063 11677
2 8 20910 18275 19650
3 0 24307 24097 24337
3 1 24946 25844 25991
3 2 20882 19888 20172
3 3 20038 20704 18573
3 4 24549 23538 21028
3 8 29952 42250 29166
4 0 42589 43544 42555
4 1 47627 48106 50670
4 2 40821 41342 40395
4 3 36033 36587 35986
4 4 45215 49854 41408
4 8 78853 76571 86988
5 0 78108 77929 76206
5 1 97891 98015 97636
5 2 79293 79673 78312
5 3 79484 78046 78760
5 4 94828 95704 98906
5 8 149491 150201 148841
n 1 23 "N = 23"
n 2 24 "N = 24"
n 3 25 "N = 25"
n 4 26 "N = 26"
n 5 27 "N = 27"
T 6000
T 10000
T 15000
T 30000
T 60000
T 100000
