1 0 5789 5645 5685
1 1 4394 4207 4147
1 2 2085 2018 2103
1 3 1348 1344 1351
1 4 1032 1034 1043
1 8 634 635 675
2 0 11032 11019 11061
2 1 9146 8409 8937
2 2 3701 3734 3710
2 3 2469 2433 2443
2 4 1838 1862 1878
2 8 1070 1042 1057
3 0 24307 24097 24337
3 1 18770 18055 18306
3 2 8107 8166 8111
3 3 5234 5237 5224
3 4 3973 3905 3898
3 8 2051 2026 2035
4 0 42589 43544 42555
4 1 33008 32962 31674
4 2 14833 14994 14926
4 3 10098 10020 9928
4 4 7140 7190 7179
4 8 3693 3728 3891
5 0 78108 77929 76206
5 1 55890 57043 58516
5 2 26180 26049 25919
5 3 16767 16955 16770
5 4 12455 12213 12384
5 8 6238 6345 6096
n 1 23 "N = 23"
n 2 24 "N = 24"
n 3 25 "N = 25"
n 4 26 "N = 26"
n 5 27 "N = 27"
